256
256
512
256
256
256
512
256
256
512
512
512
512
512
512
128
256
256
512
256
1024
500
500
512
512
512
1024
512
256
512
512
512
512
512
512
1024
500
1024
512
512
512
1024
512
512
1024
512
512
256
512
256
512
256
1024
240
512
512
256
1024
1024
512
1024
512
512
1024
256
512
1024
512
512
256
512
512
512
512
500
1024
1024
512
1024
512
512
512
512
512
512
1024
512
1024
512
1024
512
1024
500
1024
2048
1024
1024
512
1024
512
512
1024
512
1024
1024
1024
32
512
512
512
1024
1024
2048
1024
1024
512
512
512
1024
512
1024
1024
512
512
512
256
512
512
1024
1024
1024
512
512
512
512
2048
512
512
512
512
1024
512
1024
512
512
512
1024
512
256
256
512
512
512
512
512
1024
512
512
512
512
256
512
512
512
512
1024
256
1024
1024
1024
1024
512
1024
512
512
1024
512
256
512
256
256
512
512
512
256
1024
1024
256
512
256
1024
1024
1024
1024
512
512
2 x
1024
1024
1024
512
1024
512
512
512
1024
512
512
512
512
512
1024
512
256
256
512
512
512
1024
512
512
1024
512
512
512
512
512
512
512
1024
512
512
256
512
256
256
512
1024
1024
512
512
1024
512
256
256
512
512
256
512
1024
512
128
256
256
256
512
