8
8
8
8
8
8
8
8
8
8
8
8
16
8
8
4
8
8
8
8
16
8
8
8
8
8
16
8
8
16
16
8
16
8
8
16
16
16
8
8
16
32
16
8
16
8
16
8
8
8
16
4
32
8
8
8
4
32
16
16
32
16
16
16
8
8
32
16
16
8
8
16
16
16
8
16
16
16
32
16
8
8
8
16
8
16
16
16
16
16
16
16
8
16
64
32
32
32
16
8
8
32
16
16
16
32
32
16
16
16
16
16
64
16
16
16
16
8
16
8
16
8
16
8
8
4
8
8
32
32
32
8
32
16
8
32
16
16
16
16
16
16
16
16
16
16
16
8
8
4
16
16
16
8
16
32
16
8
8
16
4
8
16
16
8
16
8
16
16
16
16
16
16
16
8
8
16
4
8
4
8
16
16
16
4
16
32
8
8
4
16
16
16
16
8
8
16
8
16
32
16
16
8
16
16
16
16
8
16
8
16
16
8
8
8
8
8
8
8
16
16
32
16
8
8
16
8
16
8
16
16
8
8
16
8
8
16
16
32
8
8
16
16
8
8
8
8
8
8
32
8
4
8
4
8
8
