7.299
12.999
17.999
10.999
8.499
10.499
13.799
13.349
10.699
16.999
17.499
11.699
21.999
19.999
13.999
11.482
10.499
12.999
10.499
9.999
35.599
17.999
12.999
13.521
13.599
15.999
29.999
15.999
14.999
21.755
27.195
18.986
27.071
19.999
17.107
33.999
18.999
49.999
16.999
20.272
18.789
69.224
22.744
17.800
43.357
18.279
27.123
8.499
24.999
17.999
33.999
7.416
59.999
9.999
17.800
13.499
7.999
51.805
45.869
28.999
82.294
37.084
24.999
39.663
7.999
24.199
71.999
37.999
19.999
14.763
18.999
22.999
37.900
35.621
14.999
53.999
32.999
27.999
98.891
27.499
17.999
29.499
23.999
28.999
21.999
36.589
29.667
35.600
31.150
39.556
29.667
44.999
18.999
29.667
126.814
80.406
44.899
43.499
47.599
25.999
21.999
65.565
26.206
39.999
39.899
79.113
83.331
27.689
32.633
30.656
52.290
32.999
105.999
53.963
43.440
41.999
29.999
15.999
63.539
21.999
29.999
19.999
30.999
17.999
14.999
6.999
24.999
19.999
60.458
29.999
35.999
25.999
49.999
28.999
15.701
62.867
36.156
29.999
38.314
27.999
32.999
19.999
20.999
27.689
41.534
39.290
39.999
13.799
10.999
6.999
29.439
29.439
26.238
41.822
33.727
72.311
45.701
25.411
15.232
29.295
8.999
16.999
35.154
17.999
59.999
40.779
16.384
33.475
84.373
37.999
42.631
32.190
37.004
27.253
25.999
22.999
40.346
6.999
10.999
11.951
16.638
25.076
27.420
31.638
6.999
32.999
62.459
15.701
13.999
11.895
26.999
45.644
50.456
59.659
12.999
18.999
32.999
13.999
64.216
56.392
32.576
33.999
11.499
23.435
43.171
65.857
31.404
28.586
22.966
12.999
26.999
27.999
12.499
17.999
14.999
10.999
12.999
18.221
23.904
38.442
18.999
49.916
29.153
20.277
13.999
27.331
20.017
41.822
39.933
21.999
15.618
22.906
11.999
18.999
8.499
10.499
24.999
40.999
72.338
22.263
14.967
36.415
33.812
15.039
9.699
13.999
14.999
9.999
10.999
75.999
14.967
6.999
12.104
8.999
14.999
26.262
