15.6
15.6
15.6
15.6
15.6
15.6
15.6
15.6
15.6
16
15.6
15.6
16
15.6
15.6
15.6
14
15.6
15.6
15.6
14
15.6
15.6
15.6
15.6
15.6
13.5
15.6
15.6
14
14
14
17.3
14
15.6
14
15.6
16
14
15.6
15.6
14.5
15.6
15.6
13.3
15.6
14
15.6
15.6
14
15.6
15.6
16
15.6
15.6
15.6
15.6
17.3
15.6
17.3
17
13.4
16
15.6
15.6
14
16.2 inç
16
14
15.6
16.1
14
15.6
15.6
15.6
14.5
15.6
15.6
15.6
15.6
15.6
15.6
15.6
15.6
15.6
14
14
14
14
14
14
14.2
15.6
15.6
17.3
17.3
15.6
15.6
16.1
16.1
16.1
16
14
15.6
14
15.6
17.3
14
13.4
13.4
15.6
16.1
17.3
17.3
16
16
15.6
15.6
17.3
15.6
15.6
15.6
16.1
15.6
13.3
15.6
13
16.1
15.6
16.1
16.1
15.6
17.3
17.3
15.6
16
14
14
17.3
16
15.6
13.3
13.3
15.6
16
15.6
14
15.6
15.6
15.6
15.6
15.6
15.6
15.6
15.6
17.3
16
15.6
15.6
14
15.6
14
16
15.6
13.3
16
15.6
13.3
15.6
17.3
17.3
15.6
17.3
15.6
15.6
17.3
15.6
15.6
15.6
15.6
15.6
15.6
14
14
15.6
15.6
14
15.6
13.3
15.6
13.3
17.3
15.6
15.6
13.3
16.1
15.6
17.3
16
16
15.6
17.3
15.6
14
13.4
15.6
15.6
15.6
15.6
15.6
15.6
13.5
14
15.6
15.6
14
13.3
15.6
15.6
14
14
17.3
15.6
15.6
13.3
15.6
15.6
15.6
15.6
16.1
15.6
15.6
15.6
13.3
15.6
15.6
15.6
15.6
17.3
15.6
15.6
15.6
17.3
15.6
15.6
13.3
13.3
15.6
15.6
17.3
15.6
14
15.6
15.6
13.3
14
