13.3
15.6
13.3
14
15.6
15.6
15.6
16
16
13.4
15.6
15.6
17.3
13.3
13.3
15.6
14
13.3
17.3
15.6
15.6
13.3
15.6
14
15.6
15.6
15.6
13.3
16
16
16
17.3
15.6
15.6
15.6
13.4
15.6
13.4
14
15.6
14
15.6
17.3
15.6
15.6
15.6
14
15.6
15.6
15.6
17.3
17.3
15.6
15.6
15.6
14
14
15.6
14
15.6
15.6
15.6
14
17.3
15.6
15.6
17.3
15.6
15.6
15.6
15.6
17.3
15.6
15.6
17.3
17.3
15.6
14
15.6
15.6
15.6
15.6
17.3
15.6
15.6
15.6
17.3
14
14
15.6
15.6
17.3
15.6
15.6
15.6
17.3
14
15.6
15.6
14
15.6
14
14
14
15.6
14
15.6
17.3
15.6
15.6
15.6
15.6
15.6
15.6
17.3
15.6
15.6
15.6
15.6
15.6
15.6
15.6
15.6
14
14
15.6
14
17.3
14
15.6
14
15.6
15.6
14
15.6
17.3
14
15.6
14
14
15.6
14
17.3
15.6
14
14
14
14
14
14
15.6
17.3
15.6
15.6
15.6
15.6
14
15.6
15.6
15.6
15.6
14
14
15.6
14
14
14
14
15.6
15.6
15.6
15.6
15.6
14
14
14
15.6
14
14
14
14
15.6
14
14
14
15.6
14
14
15.6
14
14
14
14
14
15.6
15.6
15.6
14
14
14
14
14
14
14
15.6
15.6
14
14
14
14
14
14
15.6
15.6
14
14
14
14
14
14
14
15.6
15.6
15.6
14
14
14
14
14
15.6
15.6
15.6
14
14
15.6
15.6
15.6
15.6
14
14
15.6
14
14
14
14
17.3
14
14
14
14
14
17.3
15.6
15.6
15.6
14
14
15.6
14
14
14
15.6
15.6
15.6
15.6
15.6
15.6
15.6
15.6
15.6
15.6
15.6
15.6
15.6
15.6
15.6
15.6
15.6
15.6
15.6
15.6
15.6
15.6
15.6
15.6
15.6
15.6
15.6
15.6
15.6
15.6
15.6
15.6
13.3
15.6
14.2
14.2
15.6
14
14.2
13.3
14
13.3
16.2
16.2
14
15.6
15.6
15.6
13.3
15.6
16
13.3
15.6
14
15.6
15.6
15.6
15.6
14
14.2
15.6
16.1
15.6
15.6
15.6
17.3
15.6
15.6
14
15.6
15.6
13.3
15.6
15.6
15.6
14
14
13.4
13.3
14
13.3
14
16.2
