16
4
16
8
4
8
16
32
64
16
16
8
16
16
8
24
16
16
16
16
8
8
32
16
16
16
8
16
32
32
32
16
40
8
12
16
8
16
16
64
16
40
16
40
32
8
16
8
8
32
8
40
4
32
16
32
16
8
16
20
12
12
32
32
24
32
24
20
40
16
32
40
24
32
24
24
32
16
8
32
64
32
32
32
8
12
32
32
32
32
16
16
16
8
32
16
8
8
64
16
64
32
8
16
32
16
64
16
8
32
16
40
40
40
16
8
32
8
32
40
16
64
40
32
8
16
8
32
32
8
16
32
32
32
40
32
32
16
16
24
64
8
16
16
16
32
16
16
32
16
16
16
32
32
16
40
32
64
8
64
64
32
24
16
8
8
8
32
16
40
8
8
32
16
16
16
16
16
32
32
32
16
32
8
8
40
32
8
16
8
16
16
24
24
40
40
32
16
16
32
8
24
24
32
8
32
16
16
16
32
32
32
8
40
8
16
24
16
16
24
16
64
8
16
8
8
16
16
16
64
40
64
16
24
16
32
8
40
8
8
64
40
32
16
24
32
16
8
32
16
16
32
32
40
32
16
8
40
16
16
8
8
64
64
16
8
16
32
8
16
16
16
16
32
8
8
8
16
8
8
8
32
8
32
32
16
32
16
8
16
8
8
8
8
8
16
16
8
8
16
8
4
8
16
16
16
8
8
8
8
8
16
8
16
8
8
12
8
16
8
16
8
8
16
16
16
16
8
32
16
4
8
8
8
8
4
8
16
16
8
8
8
4
16
