23999
8149
24999
13599.99
8299
12999
14526.99
64799
79999
52399
10159.99
10999.99
19102.08
24999
24999
19781.07
12499.99
27839
25106.72
15099.99
14399
24999
23474.16
47999
13630.79
20786.15
14299.99
28999
61799
61799
65399
20470.42
21417.25
18495.49
18659.11
50699
20248.55
44999
49999
47759.79
24783.11
23333.92
20318.34
24409.13
21884.73
13502.77
49999
18869.48
11199
15799
19851.61
21169.72
8499
41495.55
40467.09
28195.72
23404.04
19477.20
26559.54
24105.26
18775.98
20575.78
27027.02
24673.56
18004.64
15199
20965.45
22001.60
20248.55
14014.88
16959.52
22574.34
19430.46
18299
22203.05
22203.05
20999
27424.38
13374.74
23240.42
44908.16
43084.99
23467.96
14899
39251.64
20201.80
17901
30813.61
27891.86
15679.24
40583.96
18026
14014.88
37031.11
40747.58
17448
25834.94
42594.13
44417.31
26442.67
43856.33
25905.07
18051.39
19477.20
39275.02
20996.52
47642.92
18339
17443.66
39882.74
40280.10
45515.89
45399.02
42781.12
17830
37638.83
40443.72
13886.85
43786.21
42173.40
37638.83
43248.60
39835.99
27471.13
22796.32
42150.02
24175.39
19486
29761.78
38807.54
21604.24
44954.91
16575.43
29060.56
43529.09
20377
28943.69
41331.93
20084.93
19827.81
44300.44
24876.61
19613
41448.80
20529.04
25694.70
23871.52
26255.68
28850.19
18659.11
39859.37
18339
42968.12
41051.44
39976.24
42664.25
25040.23
45025.03
13886.85
45889.87
42687.63
24432.50
28265.84
40981.32
26699.78
22843.07
24455.87
25133.72
43318.73
42056.53
39976.24
38199.81
15295.16
22001.60
24339
24268.88
38246.56
28125.60
30042.27
27774.99
27588
39415.26
28078.85
25647.95
21090.01
41004.70
30930.48
22188.59
38807.54
25531.08
24058.52
24619.49
27774.99
27658.12
41308.56
42477.26
41612.42
22469.08
27821.74
28733.32
27517.87
26606.29
24619.49
29341.05
39859.37
42220.15
20949.77
22796.32
24666.24
28289.22
29457.92
27681.49
42711
40443.72
28569.71
25390.84
22866.44
21136.76
22819.69
28382.71
27097.14
45773
40724.21
43201.86
25344.09
25951.81
29294.30
27214.01
26045.31
43552.47
44347.18
44721.17
25951.81
25227.22
39111.40
42617.51
40373.60
41612.42
24783.11
26816.65
19065
20856.27
26302.42
24666.24
27214.01
19486
26138.81
23661.16
26419.29
27704.87
26653.03
19153
44838.04
43178.48
41916.28
27307.51
25227.22
43645.96
25834.94
29177.43
28686.58
39672.38
45422.39
17270
19173
18051
20646
23321
38504
20529
19781
23685
20950
42103
21090
17187
18566
21698
19173
41542
23077
20295
21039
23334
23451
20833
21861
21815
22960
20342
20038
39369
11899
21499
---
---
---
---
---
51499
26499
8949
---
53299
48999
16950
10699
---
11999
21599
20229
18999
26499
16299
18789
11799
13189.59
15699
18363
9599
51499
20789
19499
18699
35999
32079
25999
18469
34299
26399
7749
11109
22999
7999
21999
7499
7499
20769
33999
25999
---
25999
7099
54549
