13.3
13.3
15.6
15.6
15.6
14
15.6
15.6
14
15.6
15.6
13.3
14
13.3
13.3
15.6
15.6
15.6
15.6
15.6
15.6
15.6
15.6
15.6
15.6
14
15.6
15.6
15.6
15.6
15.6
15.6
15.6
14
13.3
14
15.6
15.6
17.3
15.6
16.1
14
15.6
15.6
14
15.6
15.6
15
17.3
13.3
15.6
15.6
15.6
16
14
15.6
15.6
14
15.6
13.3
15.6
16
15.6
16
14
14
14
14
14
14
15.6
15.6
14
15.6
15.6
15.6
13.3
14
13.3
13.3
16
15.6
14
15.6
17.3
15.6
15.6
15.6
13
15.6
14
14
15.6
15.6
13.3
15.6
15
15.6
15.6
15.6
17
14
14
15.6
17.3
15.6
17.3
15.6
17.3
14
14
16
15.6
15.6
17.3
15.6
15.6
15.6
14
16.1
15.6
14
15.6
14
17.3
15.6
15.6
14
16
13.3
14
14
15.6
15.6
14
15.6
15.6
15.6
14
15.6
15.6
13
15.6
15.6
13.3
14.1
16
15.6
16
15.6
15.6
15.6
17.3
15.6
15.6
15.6
15.6
15.6
15.6
15.6
15.6
17.3
15.6
15.6
15.6
15.6
15.6
13.3
13.3
15.6
16.1
14
16.1
13.3
16.1
15.6
16
14
15.6
16.1
15.6
15.6
17.3
15.6
15.6
17.3
14
15.6
15.6
14
15.6
14
15.6
14
15.6
14
14
15.6
15.6
15.6
15.6
15.6
14
15.6
15.6
15.6
14
14
15.6
15.6
15
15.6
15.6
15.6
14
13
15.6
15.6
15.6
15.6
15.6
14
15.6
14
15.6
15.6
15.6
14
14
15.6
15.6
15.6
15.6
15.6
15.6
13
15
15.6
14
15.6
17.3
14
14
15
15.6
13
16
13.3
15.6
15.6
15.6
15.6
15.6
15.6
15.6
15.6
17.3
13.3
14
15.6
15.6
15.6
17.3
15.6
13.3
15.6
15.6
14
14
15.6
15.6
15.6
15.6
15.6
15.6
15.6
15.6
16
17.3
15.6
15.6
15.6
15.6
15.6
14
15.6
15.6
15.6
15.6
16
15.6
15.6
15.6
15.6
13.3
17.3
15.6
14
17.3
15.6
15.6
15.6
15.6
15.6
15.6
15.6
15.6
15.6
15.6
15.6
15.6
15.6
15.6
16
15.6
13
15.6
15.6
15.6
15.6
17.3
15.6
15.6
16.2
15.6
17.3
14
15.6
15.6
15.6
17.3
14
15.6
15.6
14
15.6
15.6
15.6
15.6
14
14
13.3
17.3
15.6
15.6
15.6
16
15.6
15.6
15.6
15.6
15.6
16.1
15.6
15.6
15.6
17.3
15.6
15.6
15.6
15.6
15.6
15.6
15.6
15.6
14
15.6
17.3
14
15.6
15.6
15.6
15.6
14
15.6
15.6
14
17.3
14
13.3
15.6
13.3
14
15.6
15.6
14
15.6
15.6
15.6
15.6
15.6
15.6
15.6
16
15.6
14
15.6
15.6
15.6
15.6
15.6
14
17.3
15.6
15.6
17.3
17.3
16
15.6
15.6
15.6
15.6
15.6
13.3
14
14
15.6
