24078.41
20690.01
18799
9999
12498.99
13403.61
7299
7799
25734.55
22599
21389.66
20356.68
19808.68
19058.68
20690.01
11039.04
22136.63
19999
14999
11298.99
16169.02
12499
24998.99
11582.01
12939
14788
11899
12612
12499
27224.01
13859.01
21086.01
9889
5699
23954.24
8459
11850
25499
25399
18499
21799
6928
24498.99
13994
10499
18999
22999
19999
106929
23236.29
16799
16199
17399
78999
7499
19199
6998.26
9781.20
18499
23059
14999
16659.02
27899
18413.01
10998.99
12318.03
20289
16999
38399
10729.62
22175.01
17052.75
8500
17581.44
6929.01
17499
27999
38064.51
14899
28611
22765.05
7538.02
10344.55
10593
32759.30
24999
12249.02
16750.80
22699
12467.52
7999
13899
7149
26459.02
22799
20294
13129
11499
15499
18499
29990
9407.02
11055.07
18512.01
28899
31989
25479.02
15839.01
31330.95
14746.05
7500
18759.51
29999
15999.90
71564.90
22399
8199
24799
5899
22539.02
10499
13760
11379
19550
36999
14479
19999
9899.01
47399
24979
8799
11249
22028.74
23199
7599
10999
8499
9799.99
37587
21350
21499
22676.54
10779.90
10975.02
23186.81
13449
20999
12750
47399
17699
12209
12869.01
45489
12347.49
15899.99
29999
18999
15099.99
26729.01
9199
9499
128899
9799
17899
35899
19106.01
10889.01
26748.84
27719.01
7799
28999
12000
26499
23543
18799
18717.02
76229.99
14599.49
20579.02
16998.99
7820.01
9499
92999
26469
9404
49489
17819.01
10249
13229.99
15979.06
25399
10499
15914.75
18314.01
12059.75
11999.99
10532.88
27733.02
26207.81
21499
19479
21779.01
19635.01
18314.01
17699
8572.41
17899
11407
27499
22500
13499
24999
26599
23299
9998.99
19799.01
8399
22499
22299.99
9899.01
24599
9850.50
12499
10199
8929.05
7760.61
14979
13166.01
10899
15356.88
10699
8999
45000
18189
13700.53
28499
10479.33
8888
25299.98
30999
32100
9499
8128.99
12799
33899
44506
43499
10500
16379
15399
15499.98
18499
11999
35559
17999
25799
27071
29551.50
14999
12950
12498
18998
16299.99
22999
22799.05
20199
55726
27949
12499
16399
18899
22499
20999
130198.98
18199
19799
14599
71399
88208
12127.49
25516.70
13500
14299
15899
7690.28
11999
10999
15039
18423.02
24999
17699
11850
9999
32999
27099
28749
10667.70
71399
22049.02
19250
9999
23902.68
12512.03
18828.74
13499
27999
6879
31999
9699
21899
7899
24131.43
13652.02
19299
10669.03
104353
9499
13799
15999
32389
135899
41500
13499
61433.87
12999.99
17998.99
10299
11999
16840.27
22541.32
34199
7999
37999
8909.01
19599.02
8888
13498
7699
30499
7484.12
6434.01
20000
27974
36999
8099
13229.02
19599
19960
26499
17499
22999
20399
22499
22000
19680.02
23499
104879
19199
36999
18799
19299
18999
18999
17499
21159.99
14249
22999
110949
10999
13809.51
16499
9148
11999
19835.63
9599
12539.39
7095.30
57999
11499
32189
21899
13499
12499
20499
16000
9899
23655.46
20998
7888
12740
12499
20499
10989
25799
12399
11950
8999
37999
12819.51
11399
6659
20899
57989
9657.60
11279
29601
29399.02
58599
22990
32999
11999
8189
18999
27219
7099
10490
48500
