256
256
1024
512
512
512
256
250
512
1024
256
256
256
256
256
512
256
500
512
512
512
500
512
128
512
512
240
512
256
512
256
512
256
128
256
256
256
512
1024
512
512
256
500
512
256
500
256
512
2048
256
512
512
512
1024
256
512
256
256
500
256
256
512
512
512
512
512
1024
512
512
256
1024
512
256
512
256
512
256
512
512
512
512
256
256
512
512
512
512
512
256
256
256
256
256
512
512
500
512
512
256
500
512
512
512
512
1024
512
512
512
512
256
120
512
1024
512
1024
512
256
512
128
512
512
256
256
512
1024
256
512
256
512
1024
256
256
512
1024
256
256
256
256
1024
512
1024
256
256
256
512
256
512
512
512
250
128
512
1024
512
256
512
500
512
512
256
256
2048
256
500
1024
512
256
256
512
256
1024
512
512
256
512
512
512
256
512
512
256
256
4096
512
256
1024
512
256
256
256
512
256
512
512
512
512
256
512
1024
512
512
512
512
512
512
256
512
512
500
512
500
250
500
1024
512
512
256
512
512
512
512
512
512
256
256
256
512
512
256
512
512
512
512
512
512
512
256
256
512
512
512
256
512
512
1024
1024
1024
512
512
512
512
256
256
1024
500
512
512
256
512
256
256
256
512
512
512
512
1024
1024
256
512
512
256
512
1024
512
500
512
4096
1024
512
512
256
512
512
256
512
256
512
512
512
256
512
256
512
256
512
256
512
512
240
256
1024
256
512
512
512
256
512
256
512
256
512
512
512
512
1024
256
250
512
512
2048
1024
500
512
512
512
256
256
512
512
512
256
1024
256
512
256
512
256
512
256
256
512
512
1024
256
512
512
512
256
512
256
512
512
512
512
1024
2048
512
1024
500
256
512
256
500
256
512
1024
2048
256
512
512
256
240
1024
240
256
128
1024
256
512
512
512
512
1024
500
512
256
512
256
256
256
512
256
512
256
512
256
1024
512
256
128
256
1024
256
256
512
512
1024
512
512
512
256
512
512
240
256
512
